         0|    1|    2|    3|    4|    5|    6|    7|    8|    9|   10|   11|
   0|    1 0.669421 0.404959 0.206612 0.0743802 0.00826446 0.00826447 0.0743802 0.206612 0.404959 0.669422     1 
   1|0.669421 0.448125 0.271088 0.13831 0.0497917 0.00553241 0.00553241 0.0497917 0.13831 0.271088 0.448125 0.669421 
   2|0.404959 0.271088 0.163992 0.0836691 0.0301209 0.00334676 0.00334677 0.0301209 0.0836692 0.163992 0.271088 0.404959 
   3|0.206612 0.13831 0.0836691 0.0426883 0.0153678 0.00170753 0.00170753 0.0153678 0.0426883 0.0836691 0.13831 0.206612 
   4|0.0743802 0.0497917 0.0301209 0.0153678 0.00553241 0.000614712 0.000614712 0.00553241 0.0153678 0.0301209 0.0497917 0.0743802 
   5|0.00826446 0.00553241 0.00334676 0.00170753 0.000614712 6.83013e-05 6.83014e-05 0.000614712 0.00170753 0.00334676 0.00553241 0.00826446 
   6|0.00826447 0.00553241 0.00334677 0.00170753 0.000614712 6.83014e-05 6.83014e-05 0.000614712 0.00170754 0.00334677 0.00553241 0.00826447 
   7|0.0743802 0.0497917 0.0301209 0.0153678 0.00553241 0.000614712 0.000614712 0.00553241 0.0153678 0.0301209 0.0497917 0.0743802 
   8|0.206612 0.13831 0.0836692 0.0426883 0.0153678 0.00170753 0.00170754 0.0153678 0.0426884 0.0836692 0.13831 0.206612 
   9|0.404959 0.271088 0.163992 0.0836691 0.0301209 0.00334676 0.00334677 0.0301209 0.0836692 0.163992 0.271088 0.404959 
  10|0.669422 0.448125 0.271088 0.13831 0.0497917 0.00553241 0.00553241 0.0497917 0.13831 0.271088 0.448125 0.669422 
  11|    1 0.669421 0.404959 0.206612 0.0743802 0.00826446 0.00826447 0.0743802 0.206612 0.404959 0.669422     1 

70
-3150.03 -3092.94 -3077.63 -3073.62 -2963.12 -2619.51 -2471.94 -2505.23 -2510.4 -2348.99 -2253.31 -2237.23 -2223.23 -2177.03 -2073.04 -2060.81 -2068.59 -2048.37 -1966.22 -1961.71 -1909.59 -1913.61 -1873.07 -1735.07 -1718.52 -1643.73 -1649.67 -1561.65 -1521.62 -1503.25 -1503.25 -1499.08 -1492.72 -1468.62 -1398.56 -1408.52 -1404.4 -1372.3 -1374.3 -1330.26 -1330.26 -1322.06 -1364.1 -1297.92 -1309.92 -1303.91 -1285.82 -1265.36 -1273.23 -1261.23 -1255.22 -1255.1 -1203.1 -1198.98 -1158.89 -1120.87 -1110.87 -1110.87 -1088.87 -994.786 -994.786 -966.761 -990.759 -990.759 -1020.74 -974.778 -946.385 -946.385 -934.084 -934.102 
-43.7505 -42.9574 -42.7449 -42.6892 -41.1545 -36.3821 -34.3325 -34.7948 -34.8666 -32.6248 -31.2959 -31.0727 -30.8783 -30.2366 -28.7923 -28.6224 -28.7304 -28.4495 -27.3086 -27.246 -26.5221 -26.5779 -26.0149 -24.0982 -23.8683 -22.8296 -22.9121 -21.6896 -21.1336 -20.8785 -20.8784 -20.8206 -20.7322 -20.3974 -19.4244 -19.5627 -19.5056 -19.0597 -19.0875 -18.4759 -18.4759 -18.3619 -18.9458 -18.0266 -18.1933 -18.1099 -17.8586 -17.5744 -17.6838 -17.5171 -17.4336 -17.4319 -16.7097 -16.6524 -16.0957 -15.5676 -15.4287 -15.4287 -15.1231 -13.8165 -13.8165 -13.4272 -13.7605 -13.7605 -14.1769 -13.5386 -13.1442 -13.1442 -12.9734 -12.9736 
