1760076850
146
8 1 0
2 1 0
9 3 0
9 3 0
7 5 3
7 5 0
7 5 3
4 5 1
2 6 0
8 2 1
2 8 0
10 2 2
10 2 1
9 2 1
2 10 0
5 3 1
5 1 1
5 1 1
8 2 2
2 2 1
4 5 1
4 5 1
8 0 2
2 6 1
9 3 2
6 3 2
2 8 1
7 5 2
7 5 2
6 5 2
2 10 1
6 0 3
6 0 5
6 0 5
7 4 2
5 0 2
4 5 2
4 4 2
4 1 2
2 0 4
9 2 2
8 1 2
2 0 2
6 1 5
2 1 9
7 1 2
9 3 2
4 2 6
2 1 6
5 6 2
5 5 2
5 2 2
2 1 4
7 5 2
7 3 2
7 2 2
2 1 2
6 3 2
5 3 2
7 5 2
7 5 2
4 5 3
2 6 2
8 3 3
2 8 2
7 5 5
7 5 3
2 9 3
2 10 2
9 3 3
9 3 3
9 3 3
6 5 3
2 5 3
6 2 4
2 6 3
6 6 4
4 7 4
2 10 3
2 2 9
2 2 9
5 3 7
2 2 8
8 4 4
6 3 6
2 2 6
8 4 4
3 3 4
2 2 4
7 4 4
4 3 7
4 3 4
4 3 5
4 3 5
7 5 4
3 4 6
2 3 6
5 6 4
5 5 4
2 4 4
2 3 4
7 5 4
2 7 4
2 7 4
2 7 4
7 4 5
4 5 5
2 8 4
2 9 5
2 10 4
3 5 5
3 5 5
5 7 6
3 7 5
6 6 6
2 8 5
5 7 6
2 9 6
2 10 5
3 5 6
3 5 6
2 4 7
2 5 6
2 4 6
5 6 6
4 5 7
3 6 7
2 5 8
2 6 6
5 6 6
4 8 6
4 7 6
3 6 8
2 8 9
2 8 8
4 8 8
2 7 6
2 6 8
2 8 6
2 9 7
2 8 10
2 9 9
2 8 9
3 6 7
3 6 7
2 10 6
12
44 55 64 59 53 39 71 32 42 45 2 54 
37 38 29 49 38 52 60 37 19 64 11 7 
56 12 26 14 47 2 53 36 16 68 30 71 
1 10 24 8 36 69 21 51 33 52 7 26 
46 41 40 25 70 62 27 20 30 66 4 21 
11 61 63 66 17 47 32 54 41 49 15 46 
33 0 57 50 68 5 9 24 25 5 4 34 
61 65 44 14 3 27 34 48 28 35 1 40 
19 51 55 13 70 16 43 63 3 6 22 65 
10 43 39 20 67 50 0 31 22 42 8 31 
17 56 48 45 23 6 58 18 60 23 59 13 
28 58 9 29 67 62 12 57 18 69 35 15 
