0
0
323
4 3 0
4 1 0
3 1 0
9 3 0
3 3 0
5 0 1
2 4 0
13 1 1
13 1 1
6 1 1
2 6 0
7 7 6
7 7 1
2 8 0
6 8 2
4 8 1
2 10 0
13 1 1
7 6 1
2 12 0
7 3 1
7 1 1
7 1 1
11 3 2
6 3 1
9 5 1
8 4 2
2 6 1
5 9 8
5 9 4
4 9 1
9 2 2
2 10 1
8 6 2
2 12 1
6 0 7
6 0 7
5 0 5
5 0 6
2 0 9
2 1 8
2 0 8
4 1 5
2 0 4
7 2 2
5 1 2
2 0 2
11 1 2
7 1 6
9 1 2
9 1 2
7 2 5
2 1 8
9 5 2
7 2 4
2 1 6
4 2 3
2 1 4
10 4 2
10 3 2
10 2 2
2 1 2
6 3 2
3 3 2
8 5 2
2 5 2
5 8 2
5 7 2
2 7 2
2 9 2
2 9 2
10 4 3
4 7 3
2 10 2
8 6 3
5 8 3
2 12 2
5 3 3
8 5 3
6 5 3
7 4 4
2 6 3
10 4 4
2 7 4
2 8 3
3 11 4
2 11 3
6 8 6
6 8 4
2 11 4
2 12 3
9 3 4
3 2 10
3 2 8
3 2 8
3 2 8
9 5 4
4 3 7
2 2 8
9 5 4
6 3 5
2 2 6
9 5 4
9 4 4
2 3 4
2 2 4
5 3 8
4 3 9
3 3 6
3 3 8
3 3 8
6 4 7
2 3 8
5 9 4
5 7 4
5 4 4
2 3 6
9 5 4
7 4 4
2 3 4
7 7 7
4 4 6
5 6 4
5 4 6
4 8 7
4 10 9
5 6 5
5 7 4
2 7 7
6 8 8
2 10 12
3 9 9
3 8 8
2 9 6
2 8 5
5 5 4
4 10 6
3 11 5
3 8 7
3 8 8
2 7 9
3 10 7
4 4 7
3 5 7
3 5 7
4 5 8
3 5 9
3 5 11
4 4 8
4 4 4
3 11 11
3 8 8
2 4 7
2 5 9
3 11 11
5 6 8
5 6 8
5 5 8
4 7 8
4 7 8
2 10 9
3 9 7
3 11 10
3 11 10
2 12 10
2 9 5
2 9 4
2 12 10
2 12 10
2 8 6
5 7 7
2 6 5
4 7 4
2 11 8
5 9 9
2 8 4
2 7 4
5 9 9
2 5 7
2 5 7
2 7 10
2 5 10
2 5 11
2 7 8
2 12 9
4 9 8
2 7 10
2 5 7
2 7 11
4 5 9
10 4 4
2 9 10
2 12 9
2 9 10
2 9 10
2 11 4
2 11 4
2 12 9
2 7 7
2 7 5
10 4 4
2 9 5
2 11 7
2 9 8
2 11 5
2 7 12
3 11 11
2 7 11
2 6 9
2 12 11
2 10 12
2 7 11
2 12 9
2 12 11
10 4 4
2 11 11
2 7 6
10 4 4
2 5 9
2 9 5
2 4 7
2 4 5
2 8 8
2 10 9
2 4 9
2 10 7
2 5 5
2 8 7
2 10 5
2 4 7
2 10 6
2 10 6
2 7 10
4 8 5
2 4 9
2 5 5
2 10 7
2 4 7
4 8 5
2 5 9
2 10 5
2 10 7
2 10 10
2 5 7
2 9 10
6 7 6
2 12 5
4 5 7
2 5 11
4 8 7
2 7 11
2 7 5
2 10 9
2 8 4
2 9 5
2 8 12
2 9 11
2 11 4
6 6 4
2 11 4
2 12 7
2 7 4
2 7 6
2 5 11
2 7 4
2 6 8
2 12 6
4 4 9
2 9 6
2 8 10
2 12 6
10 4 4
2 5 11
2 9 12
2 11 4
2 10 7
2 4 4
2 12 7
8 4 6
2 12 4
4 6 10
2 12 5
2 10 10
2 4 7
4 4 7
2 6 4
4 4 9
2 4 5
2 12 11
4 8 6
2 12 7
4 4 7
2 8 6
2 8 6
2 8 6
2 12 7
2 9 4
2 12 11
2 12 11
2 8 6
6 6 4
4 6 9
2 10 8
4 10 8
4 10 5
2 10 5
2 10 4
10 4 4
2 9 4
4 7 4
4 7 4
10 4 4
2 12 11
2 6 12
2 5 6
2 10 4
2 12 10
2 6 12
3 8 4
8 6 4
2 11 9
2 12 8
2 7 4
14
32 5 27 89 75 92 73 64 75 57 35 71 11 77 
91 40 21 45 23 38 64 33 4 16 70 55 42 29 
12 48 29 96 50 93 10 34 90 46 56 7 58 68 
36 26 82 36 52 95 32 14 33 74 44 2 97 97 
83 80 5 27 4 50 15 31 25 43 59 48 20 87 
8 9 62 69 60 76 0 61 3 67 81 21 94 47 
38 78 73 72 94 55 16 81 67 76 25 74 22 11 
12 87 53 41 13 42 62 70 2 22 54 95 72 20 
24 63 52 61 91 82 19 35 89 18 17 28 7 49 
66 40 0 84 86 30 15 66 93 1 18 79 19 96 
57 30 41 1 9 56 59 28 6 88 86 71 51 24 
13 14 49 85 78 23 26 83 8 39 60 84 80 79 
46 17 68 53 85 77 44 43 54 51 31 37 34 3 
45 90 37 65 6 39 88 10 65 47 63 92 58 69 
0
181
4 3 0
4 1 0
3 1 0
9 3 0
3 3 0
5 0 1
2 4 0
13 1 1
13 1 1
6 1 1
2 6 0
7 7 6
7 7 1
2 8 0
6 8 2
4 8 1
2 10 0
13 1 1
7 6 1
2 12 0
7 3 1
7 1 1
7 1 1
11 3 2
6 3 1
9 5 1
8 4 2
2 6 1
5 9 8
5 9 4
4 9 1
9 2 2
2 10 1
8 6 2
2 12 1
6 0 7
6 0 7
5 0 5
5 0 6
2 0 9
2 1 8
2 0 8
4 1 5
2 0 4
7 2 2
5 1 2
2 0 2
11 1 2
7 1 6
9 1 2
9 1 2
7 2 5
2 1 8
9 5 2
7 2 4
2 1 6
4 2 3
2 1 4
10 4 2
10 3 2
10 2 2
2 1 2
6 3 2
3 3 2
8 5 2
2 5 2
5 8 2
5 7 2
2 7 2
2 9 2
2 9 2
10 4 3
4 7 3
2 10 2
8 6 3
5 8 3
2 12 2
5 3 3
8 5 3
6 5 3
7 4 4
2 6 3
10 4 4
2 7 4
2 8 3
3 11 4
2 11 3
6 8 6
6 8 4
2 11 4
2 12 3
9 3 4
3 2 10
3 2 8
3 2 8
3 2 8
9 5 4
4 3 7
2 2 8
9 5 4
6 3 5
2 2 6
9 5 4
9 4 4
2 3 4
2 2 4
5 3 8
4 3 9
3 3 6
3 3 8
3 3 8
6 4 7
2 3 8
5 9 4
5 7 4
5 4 4
2 3 6
9 5 4
7 4 4
2 3 4
2 10 11
5 6 8
4 9 7
8 4 6
4 9 9
5 9 4
6 4 6
5 7 5
3 11 8
3 11 11
4 10 10
5 9 6
5 9 6
4 10 4
3 7 8
3 4 5
3 5 8
3 4 7
6 8 5
3 7 9
4 8 4
4 8 10
4 10 10
4 10 7
2 8 12
2 10 10
4 8 8
2 4 4
2 4 4
2 6 5
4 8 5
6 8 5
6 8 5
3 9 5
3 5 6
3 4 6
3 4 8
6 8 8
2 8 11
5 4 8
6 4 8
2 7 11
3 8 8
3 8 8
3 8 8
3 6 6
3 8 6
2 7 5
2 11 10
4 7 7
2 8 12
2 9 12
5 9 6
2 9 9
2 11 11
2 12 9
3 7 8
2 9 12
2 10 11
2 9 10
10 4 4
14
32 5 27 89 75 92 73 64 75 57 35 71 11 77 
91 40 21 45 23 38 64 33 4 16 70 55 42 29 
12 48 29 96 50 93 10 34 90 46 56 7 58 68 
36 26 82 36 52 95 32 14 33 74 44 2 97 97 
83 80 5 27 4 50 15 31 25 43 59 48 20 87 
8 9 62 69 60 76 0 61 3 67 81 21 94 47 
38 78 73 72 94 55 16 81 67 76 25 74 22 11 
12 87 53 41 13 42 62 70 2 22 54 95 72 20 
24 63 52 61 91 82 19 35 89 18 17 28 7 49 
66 40 0 84 86 30 15 66 93 1 18 79 19 96 
57 30 41 1 9 56 59 28 6 88 86 71 51 24 
13 14 49 85 78 23 26 83 8 39 60 84 80 79 
46 17 68 53 85 77 44 43 54 51 31 37 34 3 
45 90 37 65 6 39 88 10 65 47 63 92 58 69 
0
181
4 3 0
4 1 0
3 1 0
9 3 0
3 3 0
5 0 1
2 4 0
13 1 1
13 1 1
6 1 1
2 6 0
7 7 6
7 7 1
2 8 0
6 8 2
4 8 1
2 10 0
13 1 1
7 6 1
2 12 0
7 3 1
7 1 1
7 1 1
11 3 2
6 3 1
9 5 1
8 4 2
2 6 1
5 9 8
5 9 4
4 9 1
9 2 2
2 10 1
8 6 2
2 12 1
6 0 7
6 0 7
5 0 5
5 0 6
2 0 9
2 1 8
2 0 8
4 1 5
2 0 4
7 2 2
5 1 2
2 0 2
11 1 2
7 1 6
9 1 2
9 1 2
7 2 5
2 1 8
9 5 2
7 2 4
2 1 6
4 2 3
2 1 4
10 4 2
10 3 2
10 2 2
2 1 2
6 3 2
3 3 2
8 5 2
2 5 2
5 8 2
5 7 2
2 7 2
2 9 2
2 9 2
10 4 3
4 7 3
2 10 2
8 6 3
5 8 3
2 12 2
5 3 3
8 5 3
6 5 3
7 4 4
2 6 3
10 4 4
2 7 4
2 8 3
3 11 4
2 11 3
6 8 6
6 8 4
2 11 4
2 12 3
9 3 4
3 2 10
3 2 8
3 2 8
3 2 8
9 5 4
4 3 7
2 2 8
9 5 4
6 3 5
2 2 6
9 5 4
9 4 4
2 3 4
2 2 4
5 3 8
4 3 9
3 3 6
3 3 8
3 3 8
6 4 7
2 3 8
5 9 4
5 7 4
5 4 4
2 3 6
9 5 4
7 4 4
2 3 4
2 10 11
5 6 8
4 9 7
8 4 6
4 9 9
5 9 4
6 4 6
5 7 5
3 11 8
3 4 5
4 10 10
3 10 11
5 9 6
5 9 4
3 8 5
2 9 10
4 9 6
2 7 6
3 6 8
6 8 5
3 6 8
2 5 9
3 6 9
3 5 7
5 4 9
2 5 4
2 4 5
3 5 5
6 8 5
2 8 12
4 4 9
2 5 6
4 6 10
3 5 4
3 4 4
2 8 10
3 4 4
5 4 8
4 5 10
2 12 11
2 10 12
4 7 10
5 9 5
4 10 4
4 10 4
3 9 11
3 9 11
4 10 5
4 10 6
3 11 7
4 7 6
4 7 6
3 9 8
3 9 10
4 9 10
4 9 10
7 7 6
4 7 10
3 11 10
5 9 8
4 10 7
14
32 5 27 89 75 92 73 64 75 57 35 71 11 77 
91 40 21 45 23 38 64 33 4 16 70 55 42 29 
12 48 29 96 50 93 10 34 90 46 56 7 58 68 
36 26 82 36 52 95 32 14 33 74 44 2 97 97 
83 80 5 27 4 50 15 31 25 43 59 48 20 87 
8 9 62 69 60 76 0 61 3 67 81 21 94 47 
38 78 73 72 94 55 16 81 67 76 25 74 22 11 
12 87 53 41 13 42 62 70 2 22 54 95 72 20 
24 63 52 61 91 82 19 35 89 18 17 28 7 49 
66 40 0 84 86 30 15 66 93 1 18 79 19 96 
57 30 41 1 9 56 59 28 6 88 86 71 51 24 
13 14 49 85 78 23 26 83 8 39 60 84 80 79 
46 17 68 53 85 77 44 43 54 51 31 37 34 3 
45 90 37 65 6 39 88 10 65 47 63 92 58 69 
0
174
4 3 0
4 1 0
3 1 0
9 3 0
3 3 0
5 0 1
2 4 0
13 1 1
13 1 1
6 1 1
2 6 0
7 7 6
7 7 1
2 8 0
6 8 2
4 8 1
2 10 0
13 1 1
7 6 1
2 12 0
7 3 1
7 1 1
7 1 1
11 3 2
6 3 1
9 5 1
8 4 2
2 6 1
5 9 8
5 9 4
4 9 1
9 2 2
2 10 1
8 6 2
2 12 1
6 0 7
6 0 7
5 0 5
5 0 6
2 0 9
2 1 8
2 0 8
4 1 5
2 0 4
7 2 2
5 1 2
2 0 2
11 1 2
7 1 6
9 1 2
9 1 2
7 2 5
2 1 8
9 5 2
7 2 4
2 1 6
4 2 3
2 1 4
10 4 2
10 3 2
10 2 2
2 1 2
6 3 2
3 3 2
8 5 2
2 5 2
5 8 2
5 7 2
2 7 2
2 9 2
2 9 2
10 4 3
4 7 3
2 10 2
8 6 3
5 8 3
2 12 2
5 3 3
8 5 3
6 5 3
7 4 4
2 6 3
10 4 4
2 7 4
2 8 3
3 11 4
2 11 3
6 8 6
6 8 4
2 11 4
2 12 3
9 3 4
3 2 10
3 2 8
3 2 8
3 2 8
9 5 4
4 3 7
2 2 8
9 5 4
6 3 5
2 2 6
9 5 4
9 4 4
2 3 4
2 2 4
5 3 8
4 3 9
3 3 6
3 3 8
3 3 8
6 4 7
2 3 8
5 9 4
5 7 4
5 4 4
2 3 6
9 5 4
7 4 4
2 3 4
2 10 11
5 6 8
4 9 7
8 4 6
4 9 9
5 9 4
6 4 6
5 7 5
3 11 8
3 10 7
4 10 10
5 9 6
3 10 11
4 10 4
6 8 5
2 8 5
3 6 5
3 5 8
3 7 6
5 6 7
2 12 8
3 4 5
6 4 7
3 11 10
4 10 5
5 7 4
3 10 8
4 8 10
4 7 7
5 9 5
2 4 4
5 8 9
4 7 9
2 4 4
3 8 9
2 7 9
3 8 9
6 8 5
2 6 5
2 12 7
6 8 8
4 10 6
4 8 5
4 6 7
2 7 11
3 6 9
5 4 9
5 4 9
3 4 6
2 5 8
3 7 7
5 7 4
5 7 4
2 10 8
14
32 5 27 89 75 92 73 64 75 57 35 71 11 77 
91 40 21 45 23 38 64 33 4 16 70 55 42 29 
12 48 29 96 50 93 10 34 90 46 56 7 58 68 
36 26 82 36 52 95 32 14 33 74 44 2 97 97 
83 80 5 27 4 50 15 31 25 43 59 48 20 87 
8 9 62 69 60 76 0 61 3 67 81 21 94 47 
38 78 73 72 94 55 16 81 67 76 25 74 22 11 
12 87 53 41 13 42 62 70 2 22 54 95 72 20 
24 63 52 61 91 82 19 35 89 18 17 28 7 49 
66 40 0 84 86 30 15 66 93 1 18 79 19 96 
57 30 41 1 9 56 59 28 6 88 86 71 51 24 
13 14 49 85 78 23 26 83 8 39 60 84 80 79 
46 17 68 53 85 77 44 43 54 51 31 37 34 3 
45 90 37 65 6 39 88 10 65 47 63 92 58 69 
0
203
4 3 0
4 1 0
3 1 0
9 3 0
3 3 0
5 0 1
2 4 0
13 1 1
13 1 1
6 1 1
2 6 0
7 7 6
7 7 1
2 8 0
6 8 2
4 8 1
2 10 0
13 1 1
7 6 1
2 12 0
7 3 1
7 1 1
7 1 1
11 3 2
6 3 1
9 5 1
8 4 2
2 6 1
5 9 8
5 9 4
4 9 1
9 2 2
2 10 1
8 6 2
2 12 1
6 0 7
6 0 7
5 0 5
5 0 6
2 0 9
2 1 8
2 0 8
4 1 5
2 0 4
7 2 2
5 1 2
2 0 2
11 1 2
7 1 6
9 1 2
9 1 2
7 2 5
2 1 8
9 5 2
7 2 4
2 1 6
4 2 3
2 1 4
10 4 2
10 3 2
10 2 2
2 1 2
6 3 2
3 3 2
8 5 2
2 5 2
5 8 2
5 7 2
2 7 2
2 9 2
2 9 2
10 4 3
4 7 3
2 10 2
8 6 3
5 8 3
2 12 2
5 3 3
8 5 3
6 5 3
7 4 4
2 6 3
10 4 4
2 7 4
2 8 3
3 11 4
2 11 3
6 8 6
6 8 4
2 11 4
2 12 3
9 3 4
3 2 10
3 2 8
3 2 8
3 2 8
9 5 4
4 3 7
2 2 8
9 5 4
6 3 5
2 2 6
9 5 4
9 4 4
2 3 4
2 2 4
5 3 8
4 3 9
3 3 6
3 3 8
3 3 8
6 4 7
2 3 8
5 9 4
5 7 4
5 4 4
2 3 6
9 5 4
7 4 4
2 3 4
3 10 7
6 6 8
4 5 6
8 6 4
9 5 5
6 5 7
6 5 5
4 4 4
5 5 4
6 4 7
3 4 10
5 5 8
3 4 6
5 6 7
5 9 4
2 10 10
5 9 4
5 6 9
2 7 4
2 10 11
3 7 4
4 4 4
2 8 5
3 7 9
2 9 9
3 10 11
3 10 10
8 6 4
2 7 6
5 4 6
5 4 6
2 8 6
6 8 8
4 10 8
2 12 12
2 8 8
2 7 9
2 5 9
3 6 10
4 10 9
4 10 9
2 6 5
3 4 4
3 11 8
3 4 6
2 6 12
2 8 10
3 7 11
3 9 11
2 12 12
2 12 7
2 4 7
2 12 5
2 8 8
10 4 4
2 7 8
2 9 12
2 7 12
2 12 10
2 7 4
2 6 12
3 9 8
2 10 8
3 11 7
2 5 7
2 12 10
2 8 12
2 11 12
2 6 12
2 9 8
2 9 9
2 8 11
2 9 9
2 9 9
10 4 4
2 12 9
2 7 7
2 6 4
2 4 6
2 9 9
2 10 8
2 9 7
4 5 6
14
32 5 27 89 75 92 73 64 75 57 35 71 11 77 
91 40 21 45 23 38 64 33 4 16 70 55 42 29 
12 48 29 96 50 93 10 34 90 46 56 7 58 68 
36 26 82 36 52 95 32 14 33 74 44 2 97 97 
83 80 5 27 4 50 15 31 25 43 59 48 20 87 
8 9 62 69 60 76 0 61 3 67 81 21 94 47 
38 78 73 72 94 55 16 81 67 76 25 74 22 11 
12 87 53 41 13 42 62 70 2 22 54 95 72 20 
24 63 52 61 91 82 19 35 89 18 17 28 7 49 
66 40 0 84 86 30 15 66 93 1 18 79 19 96 
57 30 41 1 9 56 59 28 6 88 86 71 51 24 
13 14 49 85 78 23 26 83 8 39 60 84 80 79 
46 17 68 53 85 77 44 43 54 51 31 37 34 3 
45 90 37 65 6 39 88 10 65 47 63 92 58 69 
0
273
4 3 0
4 1 0
3 1 0
9 3 0
3 3 0
5 0 1
2 4 0
13 1 1
13 1 1
6 1 1
2 6 0
7 7 6
7 7 1
2 8 0
6 8 2
4 8 1
2 10 0
13 1 1
7 6 1
2 12 0
7 3 1
7 1 1
7 1 1
11 3 2
6 3 1
9 5 1
8 4 2
2 6 1
5 9 8
5 9 4
4 9 1
9 2 2
2 10 1
8 6 2
2 12 1
6 0 7
6 0 7
5 0 5
5 0 6
2 0 9
2 1 8
2 0 8
4 1 5
2 0 4
7 2 2
5 1 2
2 0 2
11 1 2
7 1 6
9 1 2
9 1 2
7 2 5
2 1 8
9 5 2
7 2 4
2 1 6
4 2 3
2 1 4
10 4 2
10 3 2
10 2 2
2 1 2
6 3 2
3 3 2
8 5 2
2 5 2
5 8 2
5 7 2
2 7 2
2 9 2
2 9 2
10 4 3
4 7 3
2 10 2
8 6 3
5 8 3
2 12 2
5 3 3
8 5 3
6 5 3
7 4 4
2 6 3
10 4 4
2 7 4
2 8 3
3 11 4
2 11 3
6 8 6
6 8 4
2 11 4
2 12 3
9 3 4
3 2 10
3 2 8
3 2 8
3 2 8
9 5 4
4 3 7
2 2 8
9 5 4
6 3 5
2 2 6
9 5 4
9 4 4
2 3 4
2 2 4
5 3 8
4 3 9
3 3 6
3 3 8
3 3 8
6 4 7
2 3 8
5 9 4
5 7 4
5 4 4
2 3 6
9 5 4
7 4 4
2 3 4
3 10 7
6 6 8
4 5 6
8 6 4
9 5 5
6 5 7
6 5 5
7 4 5
4 7 5
6 7 7
4 10 10
4 7 7
3 8 9
5 4 8
3 10 11
4 6 6
4 6 5
2 9 12
2 9 8
6 4 4
6 4 7
4 4 4
5 9 7
4 9 4
2 11 8
4 10 4
3 6 7
2 12 7
3 10 4
6 4 8
3 11 9
3 10 5
3 11 11
4 10 10
4 10 10
4 7 8
3 7 8
3 6 7
2 8 5
5 5 6
4 5 9
2 10 9
6 8 4
3 9 7
6 8 4
4 9 10
4 9 10
4 9 10
2 11 12
3 9 11
2 10 10
2 10 10
3 9 9
3 5 6
3 5 6
3 6 11
3 6 11
2 6 12
2 4 10
2 12 5
2 6 11
2 5 12
2 6 11
2 8 5
2 12 6
2 10 5
2 12 10
2 6 12
2 10 5
2 6 6
2 7 9
2 7 8
2 12 12
2 9 12
2 12 9
2 8 9
2 4 10
2 12 11
2 8 12
2 12 9
2 12 9
4 4 8
2 12 4
2 8 10
2 12 11
2 12 9
2 8 10
2 12 9
4 4 8
2 12 6
2 4 12
2 12 12
2 12 7
4 4 10
2 10 5
2 11 7
2 8 10
2 4 10
2 4 11
2 8 5
2 5 8
2 11 7
2 8 4
2 9 10
2 12 9
2 10 4
2 10 4
10 4 4
2 9 9
2 5 5
4 4 4
2 9 11
2 6 12
2 4 10
2 6 7
2 12 10
2 6 11
2 6 9
4 4 10
2 7 12
2 9 11
2 9 11
2 8 5
2 8 4
2 9 11
2 12 9
2 7 12
4 5 10
2 8 6
2 12 7
2 12 12
2 8 4
2 5 10
4 7 10
2 12 7
2 12 5
2 5 10
2 5 5
2 12 4
2 5 5
2 6 7
4 7 10
2 8 6
4 4 4
2 8 4
2 12 9
4 8 6
4 8 6
2 6 8
2 9 11
2 9 9
2 10 8
2 5 10
14
32 5 27 89 75 92 73 64 75 57 35 71 11 77 
91 40 21 45 23 38 64 33 4 16 70 55 42 29 
12 48 29 96 50 93 10 34 90 46 56 7 58 68 
36 26 82 36 52 95 32 14 33 74 44 2 97 97 
83 80 5 27 4 50 15 31 25 43 59 48 20 87 
8 9 62 69 60 76 0 61 3 67 81 21 94 47 
38 78 73 72 94 55 16 81 67 76 25 74 22 11 
12 87 53 41 13 42 62 70 2 22 54 95 72 20 
24 63 52 61 91 82 19 35 89 18 17 28 7 49 
66 40 0 84 86 30 15 66 93 1 18 79 19 96 
57 30 41 1 9 56 59 28 6 88 86 71 51 24 
13 14 49 85 78 23 26 83 8 39 60 84 80 79 
46 17 68 53 85 77 44 43 54 51 31 37 34 3 
45 90 37 65 6 39 88 10 65 47 63 92 58 69 
0
185
4 3 0
4 1 0
3 1 0
9 3 0
3 3 0
5 0 1
2 4 0
13 1 1
13 1 1
6 1 1
2 6 0
7 7 6
7 7 1
2 8 0
6 8 2
4 8 1
2 10 0
13 1 1
7 6 1
2 12 0
7 3 1
7 1 1
7 1 1
11 3 2
6 3 1
9 5 1
8 4 2
2 6 1
5 9 8
5 9 4
4 9 1
9 2 2
2 10 1
8 6 2
2 12 1
6 0 7
6 0 7
5 0 5
5 0 6
2 0 9
2 1 8
2 0 8
4 1 5
2 0 4
7 2 2
5 1 2
2 0 2
11 1 2
7 1 6
9 1 2
9 1 2
7 2 5
2 1 8
9 5 2
7 2 4
2 1 6
4 2 3
2 1 4
10 4 2
10 3 2
10 2 2
2 1 2
6 3 2
3 3 2
8 5 2
2 5 2
5 8 2
5 7 2
2 7 2
2 9 2
2 9 2
10 4 3
4 7 3
2 10 2
8 6 3
5 8 3
2 12 2
5 3 3
8 5 3
6 5 3
7 4 4
2 6 3
10 4 4
2 7 4
2 8 3
3 11 4
2 11 3
6 8 6
6 8 4
2 11 4
2 12 3
9 3 4
3 2 10
3 2 8
3 2 8
3 2 8
9 5 4
4 3 7
2 2 8
9 5 4
6 3 5
2 2 6
9 5 4
9 4 4
2 3 4
2 2 4
5 3 8
4 3 9
3 3 6
3 3 8
3 3 8
6 4 7
2 3 8
5 9 4
5 7 4
5 4 4
2 3 6
9 5 4
7 4 4
2 3 4
6 6 8
4 5 6
8 6 4
9 5 5
6 5 7
3 7 7
6 5 5
7 4 5
4 7 5
6 7 7
6 4 6
4 7 6
3 6 6
2 12 8
5 4 8
6 8 8
4 6 9
3 4 8
3 7 8
3 7 9
5 8 4
3 7 4
4 5 5
2 8 5
4 10 10
4 9 6
7 4 4
2 8 9
2 5 10
4 6 10
2 12 10
3 11 11
4 8 10
4 4 10
3 5 11
4 7 10
3 5 11
5 5 9
4 10 4
4 10 6
2 10 5
3 9 9
2 6 7
2 10 5
2 6 7
3 4 5
3 4 4
2 5 5
6 5 6
4 4 4
2 9 8
2 6 5
3 8 9
4 6 5
3 6 9
3 6 9
2 8 12
2 9 10
2 10 6
2 10 5
3 11 4
3 11 4
2 9 5
3 9 6
2 4 12
14
32 5 27 89 75 92 73 64 75 57 35 71 11 77 
91 40 21 45 23 38 64 33 4 16 70 55 42 29 
12 48 29 96 50 93 10 34 90 46 56 7 58 68 
36 26 82 36 52 95 32 14 33 74 44 2 97 97 
83 80 5 27 4 50 15 31 25 43 59 48 20 87 
8 9 62 69 60 76 0 61 3 67 81 21 94 47 
38 78 73 72 94 55 16 81 67 76 25 74 22 11 
12 87 53 41 13 42 62 70 2 22 54 95 72 20 
24 63 52 61 91 82 19 35 89 18 17 28 7 49 
66 40 0 84 86 30 15 66 93 1 18 79 19 96 
57 30 41 1 9 56 59 28 6 88 86 71 51 24 
13 14 49 85 78 23 26 83 8 39 60 84 80 79 
46 17 68 53 85 77 44 43 54 51 31 37 34 3 
45 90 37 65 6 39 88 10 65 47 63 92 58 69 
0
185
4 3 0
4 1 0
3 1 0
9 3 0
3 3 0
5 0 1
2 4 0
13 1 1
13 1 1
6 1 1
2 6 0
7 7 6
7 7 1
2 8 0
6 8 2
4 8 1
2 10 0
13 1 1
7 6 1
2 12 0
7 3 1
7 1 1
7 1 1
11 3 2
6 3 1
9 5 1
8 4 2
2 6 1
5 9 8
5 9 4
4 9 1
9 2 2
2 10 1
8 6 2
2 12 1
6 0 7
6 0 7
5 0 5
5 0 6
2 0 9
2 1 8
2 0 8
4 1 5
2 0 4
7 2 2
5 1 2
2 0 2
11 1 2
7 1 6
9 1 2
9 1 2
7 2 5
2 1 8
9 5 2
7 2 4
2 1 6
4 2 3
2 1 4
10 4 2
10 3 2
10 2 2
2 1 2
6 3 2
3 3 2
8 5 2
2 5 2
5 8 2
5 7 2
2 7 2
2 9 2
2 9 2
10 4 3
4 7 3
2 10 2
8 6 3
5 8 3
2 12 2
5 3 3
8 5 3
6 5 3
7 4 4
2 6 3
10 4 4
2 7 4
2 8 3
3 11 4
2 11 3
6 8 6
6 8 4
2 11 4
2 12 3
9 3 4
3 2 10
3 2 8
3 2 8
3 2 8
9 5 4
4 3 7
2 2 8
9 5 4
6 3 5
2 2 6
9 5 4
9 4 4
2 3 4
2 2 4
5 3 8
4 3 9
3 3 6
3 3 8
3 3 8
6 4 7
2 3 8
5 9 4
5 7 4
5 4 4
2 3 6
9 5 4
7 4 4
2 3 4
6 6 8
4 5 6
8 6 4
3 8 11
9 5 5
7 4 6
4 7 5
3 9 10
6 4 7
2 10 9
5 4 6
3 9 11
7 4 7
3 5 10
2 8 8
5 5 7
3 6 7
6 7 4
2 6 12
3 10 10
3 5 8
3 11 9
5 8 7
5 4 6
4 4 4
2 8 4
4 5 4
3 11 5
8 6 6
5 5 4
5 6 9
4 6 10
2 7 8
3 11 11
3 6 11
3 11 11
2 11 11
3 10 9
2 9 12
3 9 10
2 6 9
2 7 9
2 9 4
2 8 8
5 8 5
4 9 6
4 9 6
2 9 5
2 9 5
2 8 6
2 8 6
2 7 6
4 5 7
4 5 7
2 7 11
3 6 11
2 7 12
2 8 10
7 7 4
2 12 10
2 6 11
2 5 11
3 10 10
3 7 10
2 7 11
14
32 5 27 89 75 92 73 64 75 57 35 71 11 77 
91 40 21 45 23 38 64 33 4 16 70 55 42 29 
12 48 29 96 50 93 10 34 90 46 56 7 58 68 
36 26 82 36 52 95 32 14 33 74 44 2 97 97 
83 80 5 27 4 50 15 31 25 43 59 48 20 87 
8 9 62 69 60 76 0 61 3 67 81 21 94 47 
38 78 73 72 94 55 16 81 67 76 25 74 22 11 
12 87 53 41 13 42 62 70 2 22 54 95 72 20 
24 63 52 61 91 82 19 35 89 18 17 28 7 49 
66 40 0 84 86 30 15 66 93 1 18 79 19 96 
57 30 41 1 9 56 59 28 6 88 86 71 51 24 
13 14 49 85 78 23 26 83 8 39 60 84 80 79 
46 17 68 53 85 77 44 43 54 51 31 37 34 3 
45 90 37 65 6 39 88 10 65 47 63 92 58 69 
0
363
4 3 0
4 1 0
3 1 0
9 3 0
3 3 0
5 0 1
2 4 0
13 1 1
13 1 1
6 1 1
2 6 0
7 7 6
7 7 1
2 8 0
6 8 2
4 8 1
2 10 0
13 1 1
7 6 1
2 12 0
7 3 1
7 1 1
7 1 1
11 3 2
6 3 1
9 5 1
8 4 2
2 6 1
5 9 8
5 9 4
4 9 1
9 2 2
2 10 1
8 6 2
2 12 1
6 0 7
6 0 7
5 0 5
5 0 6
2 0 9
2 1 8
2 0 8
4 1 5
2 0 4
7 2 2
5 1 2
2 0 2
11 1 2
7 1 6
9 1 2
9 1 2
7 2 5
2 1 8
9 5 2
7 2 4
2 1 6
4 2 3
2 1 4
10 4 2
10 3 2
10 2 2
2 1 2
6 3 2
3 3 2
8 5 2
2 5 2
5 8 2
5 7 2
2 7 2
2 9 2
2 9 2
10 4 3
4 7 3
2 10 2
8 6 3
5 8 3
2 12 2
5 3 3
8 5 3
6 5 3
7 4 4
2 6 3
10 4 4
2 7 4
2 8 3
3 11 4
2 11 3
6 8 6
6 8 4
2 11 4
2 12 3
9 3 4
3 2 10
3 2 8
3 2 8
3 2 8
9 5 4
4 3 7
2 2 8
9 5 4
6 3 5
2 2 6
9 5 4
9 4 4
2 3 4
2 2 4
5 3 8
4 3 9
3 3 6
3 3 8
3 3 8
6 4 7
2 3 8
5 9 4
5 7 4
5 4 4
2 3 6
9 5 4
7 4 4
2 3 4
7 7 7
4 4 6
5 6 4
5 4 6
4 8 7
4 10 9
5 6 5
5 7 4
2 7 7
6 8 8
3 9 9
3 8 8
2 9 6
2 8 5
2 10 12
4 10 6
5 5 4
3 8 7
3 11 5
3 8 8
4 4 7
3 10 7
4 4 6
3 4 10
3 5 9
3 6 8
3 5 7
2 8 10
5 4 6
3 5 11
3 4 9
7 4 4
2 10 9
2 10 7
2 10 7
2 11 6
2 12 5
3 11 4
2 8 10
4 7 7
2 7 10
4 7 7
2 11 12
6 8 7
3 9 4
2 6 12
2 6 11
3 9 4
3 9 6
5 4 4
2 6 8
2 5 9
2 6 8
2 6 9
3 4 8
2 9 6
3 7 6
3 4 10
2 8 4
2 8 8
3 4 8
3 5 8
4 10 6
2 11 9
2 8 8
6 8 8
2 4 5
2 9 6
2 4 11
4 4 10
2 5 10
2 9 6
6 8 8
2 9 11
2 7 6
2 6 9
2 5 10
4 6 4
4 10 4
2 10 4
2 10 6
2 8 4
4 10 4
2 9 12
2 4 12
4 10 4
4 10 4
2 6 11
2 9 10
2 8 4
4 10 4
2 8 10
2 6 7
2 6 4
2 6 12
8 6 6
2 6 8
2 4 4
2 5 4
2 10 4
2 9 8
4 4 4
4 4 10
10 4 4
2 11 6
2 4 6
2 11 6
2 6 12
4 10 4
2 8 6
2 4 6
4 8 4
2 9 6
4 10 9
2 4 12
2 11 11
4 4 4
2 6 6
2 10 11
4 10 4
6 8 5
2 12 9
2 8 5
2 6 5
2 8 7
2 8 5
4 10 7
2 5 9
2 12 9
2 8 6
2 12 11
2 8 9
2 8 8
2 12 7
2 4 4
4 10 5
2 12 12
2 4 4
2 4 12
2 12 4
2 12 12
2 7 8
2 12 6
2 10 5
2 10 5
2 5 10
2 5 8
2 12 9
2 10 5
2 12 6
4 6 10
2 10 7
2 10 4
2 12 8
2 5 8
6 4 4
2 7 6
2 6 6
2 4 10
2 10 7
2 8 8
2 6 4
2 4 10
2 8 9
4 8 4
8 6 6
4 4 10
2 10 4
2 9 10
2 12 6
4 6 4
4 4 10
2 10 12
4 10 4
2 11 10
2 4 10
2 12 7
2 11 10
2 12 12
2 10 12
2 4 7
2 10 12
2 8 4
2 9 6
2 4 12
4 4 4
2 12 12
2 9 10
8 4 4
2 4 4
2 9 12
2 10 5
2 10 6
2 12 4
2 11 10
2 10 8
2 11 10
4 10 6
2 4 4
2 12 5
6 8 8
2 6 4
4 6 5
2 4 4
2 10 10
2 12 5
2 8 9
2 11 8
8 4 4
2 7 12
2 7 6
4 7 6
2 10 4
2 8 10
2 12 8
2 9 10
2 12 9
2 4 10
2 12 9
2 12 7
4 4 8
2 6 8
2 6 10
2 8 4
4 8 8
2 4 8
2 8 4
2 8 9
2 12 9
2 6 10
2 4 12
2 12 7
2 12 7
2 5 5
4 7 6
2 10 12
2 12 7
4 6 10
2 5 8
2 11 9
2 10 10
2 11 9
2 7 7
14
32 5 27 89 75 92 73 64 75 57 35 71 11 77 
91 40 21 45 23 38 64 33 4 16 70 55 42 29 
12 48 29 96 50 93 10 34 90 46 56 7 58 68 
36 26 82 36 52 95 32 14 33 74 44 2 97 97 
83 80 5 27 4 50 15 31 25 43 59 48 20 87 
8 9 62 69 60 76 0 61 3 67 81 21 94 47 
38 78 73 72 94 55 16 81 67 76 25 74 22 11 
12 87 53 41 13 42 62 70 2 22 54 95 72 20 
24 63 52 61 91 82 19 35 89 18 17 28 7 49 
66 40 0 84 86 30 15 66 93 1 18 79 19 96 
57 30 41 1 9 56 59 28 6 88 86 71 51 24 
13 14 49 85 78 23 26 83 8 39 60 84 80 79 
46 17 68 53 85 77 44 43 54 51 31 37 34 3 
45 90 37 65 6 39 88 10 65 47 63 92 58 69 
0
357
4 3 0
4 1 0
3 1 0
9 3 0
3 3 0
5 0 1
2 4 0
13 1 1
13 1 1
6 1 1
2 6 0
7 7 6
7 7 1
2 8 0
6 8 2
4 8 1
2 10 0
13 1 1
7 6 1
2 12 0
7 3 1
7 1 1
7 1 1
11 3 2
6 3 1
9 5 1
8 4 2
2 6 1
5 9 8
5 9 4
4 9 1
9 2 2
2 10 1
8 6 2
2 12 1
6 0 7
6 0 7
5 0 5
5 0 6
2 0 9
2 1 8
2 0 8
4 1 5
2 0 4
7 2 2
5 1 2
2 0 2
11 1 2
7 1 6
9 1 2
9 1 2
7 2 5
2 1 8
9 5 2
7 2 4
2 1 6
4 2 3
2 1 4
10 4 2
10 3 2
10 2 2
2 1 2
6 3 2
3 3 2
8 5 2
2 5 2
5 8 2
5 7 2
2 7 2
2 9 2
2 9 2
10 4 3
4 7 3
2 10 2
8 6 3
5 8 3
2 12 2
5 3 3
8 5 3
6 5 3
7 4 4
2 6 3
10 4 4
2 7 4
2 8 3
3 11 4
2 11 3
6 8 6
6 8 4
2 11 4
2 12 3
9 3 4
3 2 10
3 2 8
3 2 8
3 2 8
9 5 4
4 3 7
2 2 8
9 5 4
6 3 5
2 2 6
9 5 4
9 4 4
2 3 4
2 2 4
5 3 8
4 3 9
3 3 6
3 3 8
3 3 8
6 4 7
2 3 8
5 9 4
5 7 4
5 4 4
2 3 6
9 5 4
7 4 4
2 3 4
7 7 7
4 4 6
5 6 4
5 4 6
4 8 7
4 10 9
5 6 5
5 7 4
2 7 7
6 8 8
3 9 9
2 9 6
2 8 5
2 10 12
3 8 8
4 10 6
3 11 5
5 5 4
3 8 7
3 8 8
3 10 7
2 7 9
4 4 7
3 5 11
5 5 8
2 9 11
2 7 4
3 4 8
4 4 6
4 5 9
2 5 10
2 5 11
2 4 10
2 5 9
3 4 8
3 4 10
3 5 4
3 5 4
4 4 5
4 4 5
2 7 6
5 4 7
5 7 7
3 6 7
2 7 11
3 8 7
3 4 4
2 12 12
2 12 12
3 4 4
3 6 7
3 6 6
2 12 11
2 11 12
2 8 5
3 8 6
2 6 4
2 9 12
2 7 11
2 8 12
2 8 12
2 9 12
2 8 5
2 4 12
4 4 6
2 6 12
10 4 4
4 10 4
10 4 4
2 10 8
4 8 10
2 10 12
2 10 8
2 10 4
2 12 4
2 8 12
2 9 10
4 9 6
2 12 6
2 7 4
2 6 5
2 5 5
2 6 4
2 7 6
3 4 4
2 4 5
2 4 6
2 12 6
2 7 12
2 7 6
2 11 8
2 7 10
2 10 10
2 11 8
2 9 4
2 9 12
2 4 4
2 11 6
2 7 11
2 6 4
2 6 4
2 9 7
2 6 4
2 9 12
2 7 6
2 11 6
2 9 5
2 11 6
2 7 6
10 4 4
2 4 12
2 4 11
2 4 9
2 8 11
2 12 6
2 11 9
2 11 9
2 5 7
2 7 7
2 9 7
2 8 9
2 5 7
2 12 4
2 4 11
2 4 12
2 10 4
2 9 11
2 6 12
2 12 12
3 11 4
2 12 11
2 12 7
2 12 4
2 12 7
2 9 11
2 8 11
2 5 7
2 12 11
4 10 9
4 8 10
2 9 7
10 4 4
2 6 7
2 6 9
2 7 4
2 10 12
2 6 7
2 6 9
2 7 4
2 4 9
2 12 12
2 7 4
2 12 12
2 8 12
2 4 10
2 4 12
2 9 9
4 4 4
2 9 7
4 4 9
2 4 11
2 6 4
2 4 6
2 9 9
2 12 12
2 12 12
2 6 4
2 6 6
2 9 7
2 9 10
2 8 10
2 4 6
2 10 12
4 4 9
2 4 11
4 6 10
10 4 4
4 4 7
2 12 6
2 10 5
2 7 4
4 8 4
2 8 4
4 9 4
2 11 5
4 9 4
4 10 4
2 4 7
2 4 7
4 10 4
2 10 4
2 8 4
2 12 4
2 5 7
4 10 5
2 8 6
2 5 7
4 7 7
2 8 4
2 9 8
2 9 9
2 6 11
2 11 6
2 9 7
2 11 5
2 11 7
2 7 4
2 12 5
2 11 9
2 4 7
2 7 12
2 11 9
2 11 9
2 4 12
4 9 7
2 7 7
2 6 12
4 9 7
4 4 9
2 4 7
5 9 9
6 5 7
2 6 12
3 7 11
2 9 9
2 12 10
3 7 11
2 12 4
2 5 4
2 7 4
2 6 4
2 10 9
2 10 11
4 5 7
2 6 8
3 5 9
2 6 7
14
32 5 27 89 75 92 73 64 75 57 35 71 11 77 
91 40 21 45 23 38 64 33 4 16 70 55 42 29 
12 48 29 96 50 93 10 34 90 46 56 7 58 68 
36 26 82 36 52 95 32 14 33 74 44 2 97 97 
83 80 5 27 4 50 15 31 25 43 59 48 20 87 
8 9 62 69 60 76 0 61 3 67 81 21 94 47 
38 78 73 72 94 55 16 81 67 76 25 74 22 11 
12 87 53 41 13 42 62 70 2 22 54 95 72 20 
24 63 52 61 91 82 19 35 89 18 17 28 7 49 
66 40 0 84 86 30 15 66 93 1 18 79 19 96 
57 30 41 1 9 56 59 28 6 88 86 71 51 24 
13 14 49 85 78 23 26 83 8 39 60 84 80 79 
46 17 68 53 85 77 44 43 54 51 31 37 34 3 
45 90 37 65 6 39 88 10 65 47 63 92 58 69 
0
488
4 3 0
4 1 0
3 1 0
9 3 0
3 3 0
5 0 1
2 4 0
13 1 1
13 1 1
6 1 1
2 6 0
7 7 6
7 7 1
2 8 0
6 8 2
4 8 1
2 10 0
13 1 1
7 6 1
2 12 0
7 3 1
7 1 1
7 1 1
11 3 2
6 3 1
9 5 1
8 4 2
2 6 1
5 9 8
5 9 4
4 9 1
9 2 2
2 10 1
8 6 2
2 12 1
6 0 7
6 0 7
5 0 5
5 0 6
2 0 9
2 1 8
2 0 8
4 1 5
2 0 4
7 2 2
5 1 2
2 0 2
11 1 2
7 1 6
9 1 2
9 1 2
7 2 5
2 1 8
9 5 2
7 2 4
2 1 6
4 2 3
2 1 4
10 4 2
10 3 2
10 2 2
2 1 2
6 3 2
3 3 2
8 5 2
2 5 2
5 8 2
5 7 2
2 7 2
2 9 2
2 9 2
10 4 3
4 7 3
2 10 2
8 6 3
5 8 3
2 12 2
5 3 3
8 5 3
6 5 3
7 4 4
2 6 3
10 4 4
2 7 4
2 8 3
3 11 4
2 11 3
6 8 6
6 8 4
2 11 4
2 12 3
9 3 4
3 2 10
3 2 8
3 2 8
3 2 8
9 5 4
4 3 7
2 2 8
9 5 4
6 3 5
2 2 6
9 5 4
9 4 4
2 3 4
2 2 4
5 3 8
4 3 9
3 3 6
3 3 8
3 3 8
6 4 7
2 3 8
5 9 4
5 7 4
5 4 4
2 3 6
9 5 4
7 4 4
2 3 4
7 7 7
4 4 6
5 6 4
5 4 6
4 8 7
4 10 9
5 6 5
5 7 4
2 7 7
6 8 8
2 9 6
2 8 5
3 9 9
2 10 12
3 8 8
4 10 6
5 5 4
3 11 5
3 8 7
3 8 8
3 10 7
2 7 9
4 4 7
3 5 11
5 5 8
4 5 7
2 9 11
4 4 4
2 4 7
3 6 7
4 5 6
4 4 5
2 12 10
2 11 10
3 6 11
7 7 7
2 7 12
2 9 5
2 9 4
2 12 5
5 9 9
3 7 9
4 8 10
5 7 8
4 4 10
2 10 5
8 4 6
5 9 9
4 8 6
4 5 8
4 7 8
5 4 7
3 9 6
3 8 6
2 10 5
2 10 5
2 4 5
2 12 9
4 4 7
2 12 6
2 5 7
2 5 12
2 7 7
2 7 7
2 7 12
4 4 7
2 5 12
2 4 5
2 12 12
4 8 6
2 9 7
2 5 8
10 4 4
2 6 9
2 10 9
2 4 12
4 10 9
2 6 10
2 12 4
6 6 8
2 8 5
2 5 12
2 12 11
2 12 4
2 11 4
2 12 12
2 10 6
6 8 6
2 12 12
2 7 12
2 4 7
2 4 5
2 12 6
2 6 4
4 8 6
2 12 12
2 5 12
2 7 6
10 4 4
2 7 6
2 8 10
2 10 7
4 8 4
2 8 8
2 4 12
2 12 8
2 12 11
2 5 9
2 8 11
10 4 4
2 5 8
2 5 8
4 10 10
2 8 12
2 12 8
2 12 4
2 5 8
2 12 9
6 4 8
2 4 10
2 8 10
6 8 8
2 10 9
2 12 8
2 11 12
2 12 8
2 12 8
2 11 12
2 4 8
2 8 9
6 8 8
2 10 6
2 11 10
2 4 12
4 7 4
2 4 12
2 6 8
6 8 8
2 9 6
2 9 6
4 6 10
4 9 6
4 6 8
2 10 4
2 8 8
2 11 8
6 4 8
2 4 9
2 10 11
2 5 12
2 8 8
2 4 9
2 11 8
2 9 6
2 10 11
2 4 4
2 10 10
2 4 8
2 8 12
4 6 8
2 4 4
2 4 10
2 12 11
2 8 12
2 9 8
2 5 12
4 8 10
2 5 12
2 8 4
2 12 12
2 5 12
2 9 6
2 6 12
2 6 9
2 4 12
4 10 4
2 12 4
4 10 4
2 4 10
4 4 8
4 4 8
4 4 10
2 9 4
4 10 10
2 4 10
2 4 12
2 7 6
2 4 11
2 8 6
2 4 9
2 8 12
2 12 6
2 4 7
2 10 6
2 4 9
2 12 10
2 9 4
10 4 4
2 12 11
2 9 4
2 12 10
2 4 8
4 4 4
6 8 8
2 6 8
8 6 4
2 12 6
2 6 4
2 9 4
2 12 6
2 9 4
6 4 6
2 4 8
2 4 4
2 4 4
4 10 10
10 4 4
2 8 8
2 6 12
2 10 12
4 4 10
2 6 10
2 6 7
2 10 10
2 6 10
2 6 12
6 6 8
2 4 6
8 4 4
2 4 4
2 5 12
2 12 4
4 4 10
2 9 8
6 6 8
4 4 6
2 7 12
4 10 10
2 11 10
6 8 4
2 4 11
8 4 4
2 4 10
2 11 10
2 6 8
4 4 4
4 9 10
2 7 8
4 9 8
4 9 8
2 10 5
2 10 5
4 6 8
4 4 4
2 8 9
2 10 6
2 12 6
2 12 12
2 6 9
2 12 10
2 10 12
2 4 12
2 12 4
2 12 12
2 6 9
2 10 4
2 4 4
2 7 12
2 10 12
4 10 4
2 10 10
2 8 10
2 6 4
4 4 8
2 10 6
4 4 6
2 9 10
4 10 6
4 4 8
4 4 8
2 5 12
2 8 8
4 7 10
2 10 4
2 6 4
2 5 8
2 12 8
2 8 8
2 4 4
2 12 10
2 9 12
2 6 4
4 6 4
2 12 12
2 11 10
2 9 12
2 4 6
2 5 12
2 4 4
2 4 10
2 12 8
2 4 4
2 8 4
2 9 12
10 4 4
6 8 4
4 8 6
2 11 4
2 4 5
2 6 9
6 6 4
2 12 12
2 10 4
2 10 8
2 8 12
10 4 4
2 12 10
2 4 10
2 12 10
2 4 12
2 8 10
4 10 10
4 8 6
2 4 9
2 7 12
4 6 8
2 10 8
2 9 4
4 6 8
2 7 4
10 4 4
2 4 12
2 12 6
2 7 4
2 4 10
2 8 6
2 4 7
6 6 8
6 6 8
6 6 4
2 8 10
6 8 8
2 10 10
2 8 5
2 10 7
4 4 4
2 5 10
2 12 4
2 6 4
2 4 8
2 12 12
2 12 6
2 12 6
2 10 7
2 8 7
2 9 12
2 12 11
2 4 8
2 10 6
2 10 4
2 8 7
4 4 10
2 12 4
4 8 4
2 10 6
2 7 12
2 6 11
10 4 4
14
32 5 27 89 75 92 73 64 75 57 35 71 11 77 
91 40 21 45 23 38 64 33 4 16 70 55 42 29 
12 48 29 96 50 93 10 34 90 46 56 7 58 68 
36 26 82 36 52 95 32 14 33 74 44 2 97 97 
83 80 5 27 4 50 15 31 25 43 59 48 20 87 
8 9 62 69 60 76 0 61 3 67 81 21 94 47 
38 78 73 72 94 55 16 81 67 76 25 74 22 11 
12 87 53 41 13 42 62 70 2 22 54 95 72 20 
24 63 52 61 91 82 19 35 89 18 17 28 7 49 
66 40 0 84 86 30 15 66 93 1 18 79 19 96 
57 30 41 1 9 56 59 28 6 88 86 71 51 24 
13 14 49 85 78 23 26 83 8 39 60 84 80 79 
46 17 68 53 85 77 44 43 54 51 31 37 34 3 
45 90 37 65 6 39 88 10 65 47 63 92 58 69 
0
185
4 3 0
4 1 0
3 1 0
9 3 0
3 3 0
5 0 1
2 4 0
13 1 1
13 1 1
6 1 1
2 6 0
7 7 6
7 7 1
2 8 0
6 8 2
4 8 1
2 10 0
13 1 1
7 6 1
2 12 0
7 3 1
7 1 1
7 1 1
11 3 2
6 3 1
9 5 1
8 4 2
2 6 1
5 9 8
5 9 4
4 9 1
9 2 2
2 10 1
8 6 2
2 12 1
6 0 7
6 0 7
5 0 5
5 0 6
2 0 9
2 1 8
2 0 8
4 1 5
2 0 4
7 2 2
5 1 2
2 0 2
11 1 2
7 1 6
9 1 2
9 1 2
7 2 5
2 1 8
9 5 2
7 2 4
2 1 6
4 2 3
2 1 4
10 4 2
10 3 2
10 2 2
2 1 2
6 3 2
3 3 2
8 5 2
2 5 2
5 8 2
5 7 2
2 7 2
2 9 2
2 9 2
10 4 3
4 7 3
2 10 2
8 6 3
5 8 3
2 12 2
5 3 3
8 5 3
6 5 3
7 4 4
2 6 3
10 4 4
2 7 4
2 8 3
3 11 4
2 11 3
6 8 6
6 8 4
2 11 4
2 12 3
9 3 4
3 2 10
3 2 8
3 2 8
3 2 8
9 5 4
4 3 7
2 2 8
9 5 4
6 3 5
2 2 6
9 5 4
9 4 4
2 3 4
2 2 4
5 3 8
4 3 9
3 3 6
3 3 8
3 3 8
6 4 7
2 3 8
5 9 4
5 7 4
5 4 4
2 3 6
9 5 4
7 4 4
2 3 4
7 7 7
4 4 6
5 6 4
5 4 6
4 8 7
4 10 9
5 6 5
5 7 4
2 7 7
6 8 8
3 9 9
2 9 6
2 10 12
2 8 5
2 4 4
3 11 7
5 7 6
5 9 6
4 4 7
4 5 8
4 6 9
3 5 11
4 9 4
4 7 5
5 6 4
5 4 4
2 8 4
3 6 5
5 4 7
3 6 5
2 7 5
8 6 6
7 7 4
2 9 9
2 6 11
3 7 11
2 4 10
4 7 8
3 8 9
3 9 9
3 9 8
3 11 8
4 5 9
2 8 7
2 8 7
2 5 11
2 10 12
4 10 10
2 5 10
3 6 10
3 6 8
2 7 11
4 7 8
3 8 8
3 8 8
3 9 11
3 9 11
2 4 10
2 9 11
10 4 4
2 8 12
4 9 8
3 7 7
3 9 5
4 5 7
14
32 5 27 89 75 92 73 64 75 57 35 71 11 77 
91 40 21 45 23 38 64 33 4 16 70 55 42 29 
12 48 29 96 50 93 10 34 90 46 56 7 58 68 
36 26 82 36 52 95 32 14 33 74 44 2 97 97 
83 80 5 27 4 50 15 31 25 43 59 48 20 87 
8 9 62 69 60 76 0 61 3 67 81 21 94 47 
38 78 73 72 94 55 16 81 67 76 25 74 22 11 
12 87 53 41 13 42 62 70 2 22 54 95 72 20 
24 63 52 61 91 82 19 35 89 18 17 28 7 49 
66 40 0 84 86 30 15 66 93 1 18 79 19 96 
57 30 41 1 9 56 59 28 6 88 86 71 51 24 
13 14 49 85 78 23 26 83 8 39 60 84 80 79 
46 17 68 53 85 77 44 43 54 51 31 37 34 3 
45 90 37 65 6 39 88 10 65 47 63 92 58 69 
0
185
4 3 0
4 1 0
3 1 0
9 3 0
3 3 0
5 0 1
2 4 0
13 1 1
13 1 1
6 1 1
2 6 0
7 7 6
7 7 1
2 8 0
6 8 2
4 8 1
2 10 0
13 1 1
7 6 1
2 12 0
7 3 1
7 1 1
7 1 1
11 3 2
6 3 1
9 5 1
8 4 2
2 6 1
5 9 8
5 9 4
4 9 1
9 2 2
2 10 1
8 6 2
2 12 1
6 0 7
6 0 7
5 0 5
5 0 6
2 0 9
2 1 8
2 0 8
4 1 5
2 0 4
7 2 2
5 1 2
2 0 2
11 1 2
7 1 6
9 1 2
9 1 2
7 2 5
2 1 8
9 5 2
7 2 4
2 1 6
4 2 3
2 1 4
10 4 2
10 3 2
10 2 2
2 1 2
6 3 2
3 3 2
8 5 2
2 5 2
5 8 2
5 7 2
2 7 2
2 9 2
2 9 2
10 4 3
4 7 3
2 10 2
8 6 3
5 8 3
2 12 2
5 3 3
8 5 3
6 5 3
7 4 4
2 6 3
10 4 4
2 7 4
2 8 3
3 11 4
2 11 3
6 8 6
6 8 4
2 11 4
2 12 3
9 3 4
3 2 10
3 2 8
3 2 8
3 2 8
9 5 4
4 3 7
2 2 8
9 5 4
6 3 5
2 2 6
9 5 4
9 4 4
2 3 4
2 2 4
5 3 8
4 3 9
3 3 6
3 3 8
3 3 8
6 4 7
2 3 8
5 9 4
5 7 4
5 4 4
2 3 6
9 5 4
7 4 4
2 3 4
7 7 7
5 6 4
5 4 6
3 11 10
6 7 6
4 6 5
4 7 7
4 6 4
3 5 7
5 4 9
5 6 6
3 7 4
4 10 4
2 5 6
3 4 10
3 7 9
2 12 11
4 9 10
2 11 9
4 5 4
3 11 4
4 10 6
2 11 9
4 9 8
3 8 9
3 4 4
2 4 11
3 11 6
4 5 8
2 6 6
2 7 6
3 11 11
3 9 10
3 9 10
2 12 5
2 7 9
2 8 8
4 9 4
5 9 7
4 10 4
2 7 7
3 8 7
3 8 8
4 4 7
2 4 11
2 8 5
2 8 4
2 4 11
5 4 6
4 4 8
2 12 6
2 11 7
2 5 11
2 5 11
2 7 6
7 5 7
6 4 4
2 5 11
5 4 7
3 6 9
2 11 4
2 10 4
2 9 5
2 9 6
2 4 10
14
32 5 27 89 75 92 73 64 75 57 35 71 11 77 
91 40 21 45 23 38 64 33 4 16 70 55 42 29 
12 48 29 96 50 93 10 34 90 46 56 7 58 68 
36 26 82 36 52 95 32 14 33 74 44 2 97 97 
83 80 5 27 4 50 15 31 25 43 59 48 20 87 
8 9 62 69 60 76 0 61 3 67 81 21 94 47 
38 78 73 72 94 55 16 81 67 76 25 74 22 11 
12 87 53 41 13 42 62 70 2 22 54 95 72 20 
24 63 52 61 91 82 19 35 89 18 17 28 7 49 
66 40 0 84 86 30 15 66 93 1 18 79 19 96 
57 30 41 1 9 56 59 28 6 88 86 71 51 24 
13 14 49 85 78 23 26 83 8 39 60 84 80 79 
46 17 68 53 85 77 44 43 54 51 31 37 34 3 
45 90 37 65 6 39 88 10 65 47 63 92 58 69 
0
185
4 3 0
4 1 0
3 1 0
9 3 0
3 3 0
5 0 1
2 4 0
13 1 1
13 1 1
6 1 1
2 6 0
7 7 6
7 7 1
2 8 0
6 8 2
4 8 1
2 10 0
13 1 1
7 6 1
2 12 0
7 3 1
7 1 1
7 1 1
11 3 2
6 3 1
9 5 1
8 4 2
2 6 1
5 9 8
5 9 4
4 9 1
9 2 2
2 10 1
8 6 2
2 12 1
6 0 7
6 0 7
5 0 5
5 0 6
2 0 9
2 1 8
2 0 8
4 1 5
2 0 4
7 2 2
5 1 2
2 0 2
11 1 2
7 1 6
9 1 2
9 1 2
7 2 5
2 1 8
9 5 2
7 2 4
2 1 6
4 2 3
2 1 4
10 4 2
10 3 2
10 2 2
2 1 2
6 3 2
3 3 2
8 5 2
2 5 2
5 8 2
5 7 2
2 7 2
2 9 2
2 9 2
10 4 3
4 7 3
2 10 2
8 6 3
5 8 3
2 12 2
5 3 3
8 5 3
6 5 3
7 4 4
2 6 3
10 4 4
2 7 4
2 8 3
3 11 4
2 11 3
6 8 6
6 8 4
2 11 4
2 12 3
9 3 4
3 2 10
3 2 8
3 2 8
3 2 8
9 5 4
4 3 7
2 2 8
9 5 4
6 3 5
2 2 6
9 5 4
9 4 4
2 3 4
2 2 4
5 3 8
4 3 9
3 3 6
3 3 8
3 3 8
6 4 7
2 3 8
5 9 4
5 7 4
5 4 4
2 3 6
9 5 4
7 4 4
2 3 4
7 7 7
5 6 4
5 4 6
3 11 10
6 7 6
4 6 5
4 7 7
4 6 4
3 5 7
5 4 9
5 6 6
3 7 4
4 10 4
2 5 6
4 5 4
3 4 10
3 7 9
2 12 11
4 9 10
2 11 9
3 11 4
4 10 6
2 11 9
4 9 8
3 8 9
3 4 4
2 4 11
3 11 6
4 5 8
2 6 6
3 11 11
2 7 6
3 9 10
3 9 10
2 12 5
2 7 9
2 8 8
4 9 4
5 9 7
4 10 4
2 7 7
3 8 7
4 4 7
2 4 11
3 8 8
2 8 5
2 8 4
5 4 6
2 4 11
4 4 8
2 12 6
2 11 7
2 5 11
2 5 11
2 7 6
2 9 12
7 5 7
6 4 4
5 4 7
3 6 9
2 10 5
5 9 6
2 11 4
3 9 5
2 11 7
14
32 5 27 89 75 92 73 64 75 57 35 71 11 77 
91 40 21 45 23 38 64 33 4 16 70 55 42 29 
12 48 29 96 50 93 10 34 90 46 56 7 58 68 
36 26 82 36 52 95 32 14 33 74 44 2 97 97 
83 80 5 27 4 50 15 31 25 43 59 48 20 87 
8 9 62 69 60 76 0 61 3 67 81 21 94 47 
38 78 73 72 94 55 16 81 67 76 25 74 22 11 
12 87 53 41 13 42 62 70 2 22 54 95 72 20 
24 63 52 61 91 82 19 35 89 18 17 28 7 49 
66 40 0 84 86 30 15 66 93 1 18 79 19 96 
57 30 41 1 9 56 59 28 6 88 86 71 51 24 
13 14 49 85 78 23 26 83 8 39 60 84 80 79 
46 17 68 53 85 77 44 43 54 51 31 37 34 3 
45 90 37 65 6 39 88 10 65 47 63 92 58 69 
0
233
4 3 0
4 1 0
3 1 0
9 3 0
3 3 0
5 0 1
2 4 0
13 1 1
13 1 1
6 1 1
2 6 0
7 7 6
7 7 1
2 8 0
6 8 2
4 8 1
2 10 0
13 1 1
7 6 1
2 12 0
7 3 1
7 1 1
7 1 1
11 3 2
6 3 1
9 5 1
8 4 2
2 6 1
5 9 8
5 9 4
4 9 1
9 2 2
2 10 1
8 6 2
2 12 1
6 0 7
6 0 7
5 0 5
5 0 6
2 0 9
2 1 8
2 0 8
4 1 5
2 0 4
7 2 2
5 1 2
2 0 2
11 1 2
7 1 6
9 1 2
9 1 2
7 2 5
2 1 8
9 5 2
7 2 4
2 1 6
4 2 3
2 1 4
10 4 2
10 3 2
10 2 2
2 1 2
6 3 2
3 3 2
8 5 2
2 5 2
5 8 2
5 7 2
2 7 2
2 9 2
2 9 2
10 4 3
4 7 3
2 10 2
8 6 3
5 8 3
2 12 2
5 3 3
8 5 3
6 5 3
7 4 4
2 6 3
10 4 4
2 7 4
2 8 3
3 11 4
2 11 3
6 8 6
6 8 4
2 11 4
2 12 3
9 3 4
3 2 10
3 2 8
3 2 8
3 2 8
9 5 4
4 3 7
2 2 8
9 5 4
6 3 5
2 2 6
9 5 4
9 4 4
2 3 4
2 2 4
5 3 8
4 3 9
3 3 6
3 3 8
3 3 8
6 4 7
2 3 8
5 9 4
5 7 4
5 4 4
2 3 6
9 5 4
7 4 4
2 3 4
7 7 7
5 6 4
5 4 6
3 11 10
6 7 6
5 5 5
2 6 9
2 6 5
2 5 8
5 5 4
2 10 7
5 6 4
2 7 4
3 6 6
3 10 8
3 8 10
3 10 8
3 11 5
4 8 10
2 12 8
5 9 6
4 8 7
6 6 8
3 10 10
4 4 10
4 10 9
5 7 4
2 9 12
3 4 7
2 10 12
2 9 10
5 6 6
2 6 6
4 7 6
2 5 5
5 7 5
5 7 4
4 4 5
5 9 4
5 4 4
2 12 7
2 8 5
2 5 9
3 8 11
3 9 6
2 12 11
3 10 11
2 11 5
2 11 5
2 12 11
2 11 5
2 12 11
3 11 6
2 12 7
2 11 6
2 6 7
2 6 8
3 4 8
3 6 6
4 7 4
2 4 10
3 5 11
2 5 9
3 6 6
2 7 4
2 8 5
2 9 4
2 7 7
4 8 6
5 6 6
2 5 4
2 8 5
2 11 4
2 8 5
2 4 8
2 4 6
2 8 5
2 11 6
2 12 9
2 5 12
2 4 6
2 4 8
2 10 4
2 12 8
2 8 5
2 8 4
2 12 8
2 10 11
4 10 4
2 8 6
2 8 9
2 9 9
2 10 5
2 12 6
2 5 4
3 6 6
2 5 10
2 12 8
3 6 9
2 9 11
2 6 7
2 6 8
4 8 4
2 5 12
2 4 8
2 4 8
3 9 10
2 12 6
2 10 6
2 9 12
2 12 10
2 11 10
2 5 4
14
32 5 27 89 75 92 73 64 75 57 35 71 11 77 
91 40 21 45 23 38 64 33 4 16 70 55 42 29 
12 48 29 96 50 93 10 34 90 46 56 7 58 68 
36 26 82 36 52 95 32 14 33 74 44 2 97 97 
83 80 5 27 4 50 15 31 25 43 59 48 20 87 
8 9 62 69 60 76 0 61 3 67 81 21 94 47 
38 78 73 72 94 55 16 81 67 76 25 74 22 11 
12 87 53 41 13 42 62 70 2 22 54 95 72 20 
24 63 52 61 91 82 19 35 89 18 17 28 7 49 
66 40 0 84 86 30 15 66 93 1 18 79 19 96 
57 30 41 1 9 56 59 28 6 88 86 71 51 24 
13 14 49 85 78 23 26 83 8 39 60 84 80 79 
46 17 68 53 85 77 44 43 54 51 31 37 34 3 
45 90 37 65 6 39 88 10 65 47 63 92 58 69 
0
169
4 3 0
4 1 0
3 1 0
9 3 0
3 3 0
5 0 1
2 4 0
13 1 1
13 1 1
6 1 1
2 6 0
7 7 6
7 7 1
2 8 0
6 8 2
4 8 1
2 10 0
13 1 1
7 6 1
2 12 0
7 3 1
7 1 1
7 1 1
11 3 2
6 3 1
9 5 1
8 4 2
2 6 1
5 9 8
5 9 4
4 9 1
9 2 2
2 10 1
8 6 2
2 12 1
6 0 7
6 0 7
5 0 5
5 0 6
2 0 9
2 1 8
2 0 8
4 1 5
2 0 4
7 2 2
5 1 2
2 0 2
11 1 2
7 1 6
9 1 2
9 1 2
7 2 5
2 1 8
9 5 2
7 2 4
2 1 6
4 2 3
2 1 4
10 4 2
10 3 2
10 2 2
2 1 2
6 3 2
3 3 2
8 5 2
2 5 2
5 8 2
5 7 2
2 7 2
2 9 2
2 9 2
10 4 3
4 7 3
2 10 2
8 6 3
5 8 3
2 12 2
5 3 3
8 5 3
6 5 3
7 4 4
2 6 3
10 4 4
2 7 4
2 8 3
3 11 4
2 11 3
6 8 6
6 8 4
2 11 4
2 12 3
9 3 4
3 2 10
3 2 8
3 2 8
3 2 8
9 5 4
4 3 7
2 2 8
9 5 4
6 3 5
2 2 6
9 5 4
9 4 4
2 3 4
2 2 4
5 3 8
4 3 9
3 3 6
3 3 8
3 3 8
6 4 7
2 3 8
5 9 4
5 7 4
5 4 4
2 3 6
9 5 4
7 4 4
2 3 4
2 10 11
5 6 8
4 9 7
8 4 6
4 9 9
5 9 4
6 4 6
5 7 5
3 11 8
4 10 10
5 9 6
5 9 6
4 10 4
3 10 11
3 4 5
3 7 8
3 5 8
3 4 7
6 8 5
3 7 9
4 8 10
4 10 10
4 8 4
4 10 7
2 8 12
2 10 10
4 8 8
4 4 7
4 4 7
4 8 5
2 4 4
3 6 5
3 4 4
3 6 5
6 8 5
5 6 7
3 4 4
2 6 6
4 7 8
2 9 10
3 8 5
5 7 5
3 9 6
5 6 8
3 8 11
5 9 6
3 11 9
7 7 5
2 9 12
14
32 5 27 89 75 92 73 64 75 57 35 71 11 77 
91 40 21 45 23 38 64 33 4 16 70 55 42 29 
12 48 29 96 50 93 10 34 90 46 56 7 58 68 
36 26 82 36 52 95 32 14 33 74 44 2 97 97 
83 80 5 27 4 50 15 31 25 43 59 48 20 87 
8 9 62 69 60 76 0 61 3 67 81 21 94 47 
38 78 73 72 94 55 16 81 67 76 25 74 22 11 
12 87 53 41 13 42 62 70 2 22 54 95 72 20 
24 63 52 61 91 82 19 35 89 18 17 28 7 49 
66 40 0 84 86 30 15 66 93 1 18 79 19 96 
57 30 41 1 9 56 59 28 6 88 86 71 51 24 
13 14 49 85 78 23 26 83 8 39 60 84 80 79 
46 17 68 53 85 77 44 43 54 51 31 37 34 3 
45 90 37 65 6 39 88 10 65 47 63 92 58 69 
